164	Window=3	Metric=PAIRMAPPER	
i	j	Sig.	Class	Zij	Zi	Zj	Mod_Depth	Mod_Comuts	Unt_Depth	Unt_Comuts
19	42	187.44	1	3.16	2.52	3.79	2066662	891	254944	1
25	38	214.28	1	3.18	1.64	4.72	2031111	644	255212	3
17	45	95.96	2	2.21	3.37	1.06	2026225	709	249643	2
19	43	166.40	2	4.05	2.25	5.85	2067180	891	255039	1
56	81	953.39	2	2.46	1.02	3.91	1878540	791	254167	13
17	44	52.32	0	1.53	1.85	1.20	2035732	635	249945	1
18	44	52.82	0	1.66	2.10	1.22	2041297	732	251051	2
22	130	25.65	0	0.34	0.47	0.20	2000346	1027	255123	4
23	37	28.05	0	0.12	0.18	0.05	2053516	2186	256620	7
23	40	30.73	0	0.19	0.19	0.19	2006618	1293	248310	10
24	39	30.62	0	0.17	0.16	0.18	2061173	1153	256662	8
24	131	23.56	0	0.20	0.12	0.27	1939055	648	256645	2
26	64	23.75	0	0.29	0.17	0.41	2005256	1830	255092	1
26	129	45.44	0	0.39	0.31	0.47	1994068	409	255305	0
27	128	139.24	0	0.76	0.10	1.42	2002385	721	255605	2
28	126	103.93	0	0.66	0.06	1.25	1990677	7285	255101	9
29	132	102.50	0	0.44	-0.01	0.89	1846395	1133	255486	8
30	131	135.20	0	0.98	0.08	1.88	1881576	1186	255469	7
31	130	63.21	0	0.30	0.06	0.55	1939639	3546	255107	2
32	129	27.25	0	0.20	0.13	0.26	1952825	1736	255591	0
38	78	22.33	0	0.31	0.53	0.08	1926668	187	254030	6
59	83	3461.03	0	4.17	5.62	2.73	1974723	35709	254581	5
60	77	353.90	0	0.59	0.63	0.54	1933851	3160	255063	7
61	76	360.26	0	0.56	0.21	0.92	1935429	3585	254785	5
62	108	92.10	0	0.70	0.11	1.30	2026494	1206	255230	42
62	109	67.82	0	0.63	0.08	1.18	2025969	1098	255149	34
63	131	26.65	0	0.19	0.06	0.32	1922383	955	255507	3
64	130	28.01	0	0.36	0.50	0.22	1988524	957	254993	5
65	125	24.14	0	0.15	0.28	0.01	1922034	7607	254506	3
67	130	49.57	0	0.36	0.30	0.42	1895386	442	254927	8
68	129	83.49	0	0.74	0.57	0.91	1843992	522	254621	7
69	130	103.13	0	0.62	0.33	0.91	1822223	1300	253687	6
70	132	24.25	0	0.18	0.19	0.18	1698506	974	254390	12
78	123	62.41	0	0.32	0.27	0.36	1892857	3383	255403	29
86	138	1707.89	0	4.02	0.62	7.41	1967335	55671	255253	20
87	108	47.40	0	1.89	3.05	0.73	2031222	541	255936	29
88	108	29.31	0	1.09	1.69	0.50	2036746	467	256060	33
94	103	68.43	0	0.36	0.19	0.53	2044501	19211	255411	8
95	109	31.49	0	0.55	0.49	0.61	2045227	450	255756	23
95	110	46.00	0	0.52	0.70	0.35	2017030	571	254225	22
95	111	39.44	0	0.48	0.61	0.36	2018882	650	253729	2
118	132	26.50	0	0.25	0.31	0.20	1862725	718	255857	2
127	138	50.95	0	0.11	0.06	0.16	1969437	894	255792	13
